0 0.184375 0.16562500000000002 0.15 0.165625 0.15000000000000002 0.19375000000000003 0.18437500000000004 0.19375000000000003
1 0.15625000000000006 0.196875 0.11718750000000004 0.196875 0.11718750000000004 0.2125 0.15625000000000006 0.2125
1 0.08437500000000003 0.240625 0.07187500000000002 0.240625 0.07187500000000004 0.2765625 0.08437500000000005 0.2765625
1 0.08593750000000004 0.2796875 0.07187500000000005 0.2796875 0.07187500000000005 0.3171875 0.08593750000000004 0.3171875
1 0.15625000000000006 0.3453125 0.11406250000000004 0.3453125 0.11406250000000004 0.359375 0.15625000000000006 0.359375
1 0.2828125 0.3453125 0.2390625 0.3453125 0.2390625 0.3578125 0.2828125 0.3578125
0 0.3765625 0.34687500000000004 0.34375 0.346875 0.34375000000000006 0.37968750000000007 0.3765625000000001 0.37968750000000007
1 0.4859375 0.3437500000000001 0.4296875 0.3437500000000001 0.4296875 0.35625000000000007 0.4859375 0.35625000000000007
1 0.546875 0.2921875000000001 0.53125 0.2921875000000001 0.53125 0.3203125000000001 0.546875 0.3203125000000001
0 0.3515625 0.2265625 0.3203125 0.2265625 0.3203125 0.253125 0.3515625 0.253125
0 0.403125 0.19062500000000004 0.36875 0.19062500000000004 0.36875 0.2171875000000001 0.403125 0.2171875000000001
0 0.43125 0.12968750000000004 0.39375 0.12968750000000004 0.39375 0.15625000000000006 0.43125 0.15625000000000006
0 0.521875 0.13125000000000003 0.4921875 0.13125000000000003 0.4921875 0.16093750000000004 0.521875 0.16093750000000004
1 0.490625 0.03437500000000006 0.440625 0.03437500000000006 0.440625 0.04843750000000006 0.490625 0.04843750000000006
1 0.253125 0.035937500000000025 0.2015625 0.035937500000000025 0.2015625 0.04843750000000003 0.253125 0.048437500000000036
1 0.1890625 0.06250000000000003 0.1734375 0.06250000000000003 0.1734375 0.10781250000000002 0.1890625 0.10781250000000005
1 0.1890625 0.10937500000000003 0.175 0.109375 0.175 0.15937500000000002 0.1890625 0.15937500000000004
1 0.2468750000000001 0.5703125 0.21250000000000008 0.5703125 0.21250000000000008 0.5875 0.2468750000000001 0.5875
0 0.3187500000000001 0.5484375 0.2843750000000001 0.5484375 0.2843750000000001 0.5859375 0.3187500000000001 0.5859375
1 0.37968750000000007 0.5734375 0.3281250000000001 0.5734375 0.3281250000000001 0.5859375 0.37968750000000007 0.5859375
1 0.4875 0.571875 0.4328125 0.571875 0.4328125 0.5875 0.4875 0.5875
0 0.3031250000000001 0.584375 0.2671875000000001 0.584375 0.2671875000000001 0.6140625 0.3031250000000001 0.6140625
0 0.2656250000000001 0.6265625 0.23437500000000008 0.6265625 0.23437500000000008 0.6609375 0.2656250000000001 0.6609375
0 0.2640625000000001 0.6640625 0.2328125000000001 0.6640625 0.2328125000000001 0.6953125 0.2640625000000001 0.6953125
0 0.3140625000000001 0.7625 0.27812500000000007 0.7625 0.27812500000000007 0.7890625 0.3140625000000001 0.7890625
0 0.3937500000000001 0.7640625 0.3578125000000001 0.7640625 0.3578125000000001 0.7921875 0.3937500000000001 0.7921875
1 0.1468750000000001 0.8796875 0.10781250000000009 0.8796875 0.10781250000000009 0.89375 0.1468750000000001 0.89375
1 0.2734375000000001 0.88125 0.2328125000000001 0.88125 0.2328125000000001 0.8953125 0.2734375000000001 0.8953125
1 0.4578125000000002 0.88125 0.4234375000000002 0.88125 0.4234375000000002 0.8953125 0.4578125000000002 0.8953125
0 0.3687500000000001 0.8828125 0.3343750000000001 0.8828125 0.3343750000000001 0.9234375 0.3687500000000001 0.9234375
0 0.48750000000000016 0.821875 0.4546875000000002 0.821875 0.4546875000000002 0.8484375 0.48750000000000016 0.8484375
0 0.4984375000000002 0.734375 0.4703125000000002 0.734375 0.4703125000000002 0.76875 0.4984375000000002 0.76875
0 0.4375 0.6640625 0.4 0.6640625 0.4 0.7 0.4375 0.7
1 0.5406250000000001 0.8109375 0.5250000000000001 0.8109375 0.5250000000000001 0.859375 0.5406250000000001 0.859375
0 0.5625000000000001 0.7 0.525 0.7 0.5250000000000001 0.7296875 0.5625000000000002 0.7296875
0 0.66875 0.5859375 0.6375 0.5859375 0.6375 0.6203125 0.66875 0.6203125
0 0.734375 0.5859375000000001 0.70625 0.5859375 0.70625 0.6203125 0.734375 0.6203125000000002
0 0.746875 0.6187500000000001 0.7078125 0.61875 0.7078125 0.6515625 0.746875 0.6515625000000002
1 0.8796875 0.5375000000000002 0.86875 0.5375000000000002 0.86875 0.5687500000000002 0.8796875 0.5687500000000002
1 0.878125 0.6046875000000002 0.865625 0.6046875000000002 0.865625 0.6343750000000001 0.878125 0.6343750000000001
1 0.8796875 0.6703125000000002 0.865625 0.6703125000000002 0.865625 0.7000000000000002 0.8796875 0.7000000000000002
1 0.88125 0.7406250000000002 0.8625 0.7406250000000002 0.8625 0.7703125000000002 0.88125 0.7703125000000002