0 0.3734375 0.10312500000000005 0.3125 0.10312500000000005 0.3125 0.16093750000000004 0.3734375 0.16093750000000004
0 0.2687500000000001 0.421875 0.2078125000000001 0.421875 0.2078125000000001 0.4734375 0.2687500000000001 0.4734375
0 0.3312500000000001 0.7171875 0.3000000000000001 0.7171875 0.3000000000000001 0.7828125 0.3312500000000001 0.7828125
0 0.37968750000000007 0.80625 0.3109375000000001 0.80625 0.3109375000000001 0.859375 0.37968750000000007 0.859375
0 0.37187500000000007 0.4265625 0.3078125000000001 0.4265625 0.3078125000000001 0.4859375 0.37187500000000007 0.4859375
0 0.6703125 0.4734375 0.628125 0.4734375 0.628125 0.521875 0.6703125 0.521875
0 0.7125 0.4734375 0.6671875 0.4734375 0.6671875 0.5203125 0.7125 0.5203125
0 0.3781250000000001 0.884375 0.30937500000000007 0.884375 0.30937500000000007 0.940625 0.3781250000000001 0.940625
1 0.0468750000000001 0.690625 0.012500000000000084 0.690625 0.012500000000000091 0.8046875 0.0468750000000001 0.8046875
1 0.04531250000000007 0.4671875 0.014062500000000056 0.4671875 0.014062500000000066 0.6296875 0.045312500000000075 0.6296875
1 0.05000000000000003 0.246875 0.01718750000000003 0.246875 0.01718750000000004 0.4109375 0.050000000000000044 0.4109375
1 0.7453125 0.1359375000000001 0.63125 0.1359375000000001 0.63125 0.18750000000000008 0.7453125 0.18750000000000008
1 0.83125 0.5968750000000002 0.7953125 0.5968750000000002 0.7953125000000001 0.853125 0.83125 0.853125
1 0.8328125 0.875 0.7937500000000002 0.875 0.7937500000000002 1 0.8328125 1