0 0.08281250000000004 0.3609375 0.03750000000000005 0.3609375 0.03750000000000005 0.4296875 0.08281250000000004 0.4296875
0 0.31093750000000003 0.359375 0.2734375 0.359375 0.27343750000000006 0.428125 0.3109375000000001 0.428125
0 0.453125 0.15312500000000004 0.4015625 0.15312500000000004 0.4015625 0.2312500000000001 0.453125 0.2312500000000001
0 0.4390625 0.434375 0.4 0.434375 0.4 0.509375 0.4390625 0.509375
0 0.41875 0.6 0.3734375000000001 0.6 0.3734375000000001 0.6875 0.41875 0.6875
0 0.6125 0.5953125 0.5671875 0.5953125 0.5671875 0.6765625 0.6125 0.6765625
0 0.6609375 0.59375 0.61875 0.59375 0.61875 0.6734375 0.6609375 0.6734375
0 0.871875 0.3750000000000001 0.8265625 0.3750000000000001 0.8265625 0.45625000000000016 0.871875 0.45625000000000016
0 0.89375 0.49218750000000017 0.8453125 0.49218750000000017 0.8453125 0.5500000000000002 0.89375 0.5500000000000002
0 0.871875 0.5984375000000002 0.825 0.5984375000000002 0.825 0.6828125000000002 0.871875 0.6828125000000002
0 0.8328125 0.7171875000000002 0.7828125 0.7171875000000002 0.7828125000000001 0.7734375000000002 0.8328125 0.7734375000000002
0 0.7437500000000001 0.76875 0.7031250000000002 0.76875 0.7031250000000002 0.8296875 0.7437500000000001 0.8296875
0 0.42187500000000017 0.7328125 0.3703125000000001 0.7328125 0.3703125000000001 0.828125 0.42187500000000017 0.828125
0 0.3312500000000001 0.7328125 0.2812500000000001 0.7328125 0.2812500000000001 0.8203125 0.3312500000000001 0.8203125
1 0.18125000000000005 0.4984375 0.08593750000000007 0.4984375 0.08593750000000007 0.521875 0.18125000000000005 0.521875
1 0.2328125 0.2671875 0.21875 0.2671875 0.21875 0.3484375 0.2328125 0.3484375
1 0.23593750000000008 0.371875 0.21875000000000008 0.371875 0.21875000000000008 0.4640625 0.23593750000000008 0.4640625
1 0.5265625 0.2140625000000001 0.45 0.2140625000000001 0.45 0.2296875000000001 0.5265625 0.2296875000000001
1 0.5390625 0.14218750000000005 0.5265625 0.14218750000000005 0.5265625 0.21093750000000008 0.5390625 0.21093750000000008
1 0.7234375 0.12343750000000006 0.540625 0.12343750000000005 0.540625 0.13750000000000007 0.7234375 0.1375000000000001
1 0.921875 0.1250000000000001 0.834375 0.12500000000000008 0.834375 0.1421875000000001 0.921875 0.14218750000000013
1 0.98125 0.46875000000000017 0.9703125 0.46875000000000017 0.9703125 0.5375000000000002 0.98125 0.5375000000000002
1 0.9140625 0.8671875 0.8390625 0.8671875 0.8390625 0.8875 0.9140625 0.8875
1 0.7984375000000001 0.859375 0.7468750000000002 0.859375 0.7468750000000002 0.8828125 0.7984375000000001 0.8828125
1 0.7078125000000002 0.8609375 0.6328125000000002 0.8609375 0.6328125000000002 0.8859375 0.7078125000000002 0.8859375
1 0.5578125000000002 0.8609375 0.4656250000000002 0.8609375 0.4656250000000002 0.8859375 0.5578125000000002 0.8859375