0 0.19687500000000005 0.19843750000000002 0.17500000000000004 0.1984375 0.17500000000000004 0.25625 0.19687500000000005 0.25625
1 0.16562500000000005 0.240625 0.13281250000000006 0.240625 0.13281250000000006 0.2546875 0.16562500000000005 0.2546875
0 0.16093750000000004 0.39375 0.14218750000000005 0.39375 0.14218750000000005 0.440625 0.16093750000000004 0.440625
0 0.16250000000000003 0.440625 0.14062500000000006 0.440625 0.14062500000000006 0.4875 0.16250000000000003 0.4875
1 0.11406250000000004 0.4640625 0.10468750000000004 0.4640625 0.10468750000000004 0.5078125 0.11406250000000004 0.5078125
1 0.11406250000000007 0.528125 0.10468750000000004 0.528125 0.10468750000000007 0.56875 0.1140625000000001 0.56875
0 0.11250000000000009 0.61875 0.08593750000000007 0.61875 0.08593750000000008 0.665625 0.11250000000000009 0.665625
1 0.06875000000000007 0.6015625 0.06093750000000007 0.6015625 0.060937500000000075 0.6609375 0.06875000000000009 0.6609375
1 0.09843750000000007 0.5765625 0.07500000000000007 0.5765625 0.07500000000000007 0.5875 0.09843750000000007 0.5875
0 0.10000000000000009 0.7015625 0.0750000000000001 0.7015625 0.0750000000000001 0.7625 0.10000000000000009 0.7625
1 0.17187500000000008 0.6984375 0.1390625000000001 0.6984375 0.1390625000000001 0.7171875 0.17187500000000008 0.7171875
1 0.27031250000000007 0.6984375 0.2375000000000001 0.6984375 0.2375000000000001 0.71875 0.27031250000000007 0.71875
0 0.19687500000000008 0.615625 0.1750000000000001 0.615625 0.1750000000000001 0.6609375 0.19687500000000008 0.6609375
1 0.25 0.19218750000000004 0.2234375 0.19218750000000004 0.2234375 0.2078125 0.25 0.2078125
1 0.278125 0.19218750000000004 0.2515625 0.19218750000000004 0.2515625 0.209375 0.278125 0.209375
1 0.3018372698948468 0.23867990275421497 0.28554762812499995 0.20220874218749998 0.2779144454803947 0.20561806091803447 0.2942040872502415 0.24208922148474943
1 0.22309408785114426 0.20488293378673111 0.21427500132157454 0.2010456981279968 0.19803743065793022 0.2383643705912657 0.20685651718749995 0.24220160625
0 0.16530187624081974 0.4774429487128476 0.14446122140792128 0.4729680965780032 0.13288592954210163 0.5268775119276556 0.15372658437500009 0.5313523640625
1 0.3671875 0.24062500000000003 0.3328125 0.240625 0.3328125 0.25781250000000006 0.3671875 0.2578125000000001
1 0.4625 0.19531250000000006 0.4296875 0.19531250000000006 0.4296875 0.21093750000000008 0.4625 0.21093750000000008
0 0.4225982173492544 0.2339728896205492 0.3968345953125 0.17337109687500002 0.37169241114821133 0.1840597861140618 0.39745603318496575 0.24466157885961098
0 0.3906250000000001 0.3921875000000001 0.3703125000000001 0.3921875000000001 0.3703125000000001 0.44375 0.3906250000000001 0.44375
0 0.4140625 0.3906250000000001 0.3937500000000001 0.3906250000000001 0.3937500000000001 0.440625 0.4140625 0.440625
0 0.4203125 0.484375 0.4 0.484375 0.4 0.5265625 0.4203125 0.5265625
0 0.425 0.5328125 0.4 0.5328125 0.4 0.58125 0.425 0.58125
0 0.3968750000000001 0.54375 0.37968750000000007 0.54375 0.37968750000000007 0.5859375 0.3968750000000001 0.5859375
0 0.4796875 0.528125 0.4640625 0.528125 0.4640625 0.571875 0.4796875 0.571875
0 0.5140625 0.4515625 0.484375 0.4515625 0.484375 0.5015625 0.5140625 0.5015625
1 0.4640625 0.7015625 0.4296875 0.7015625 0.4296875 0.7171875 0.4640625 0.7171875
1 0.4078125000000001 0.7203125 0.4015625 0.7203125 0.4015625000000001 0.7484375 0.4078125000000002 0.7484375
0 0.3765625000000001 0.6484375 0.3546875000000001 0.6484375 0.3546875000000001 0.7046875 0.3765625000000001 0.7046875
0 0.37968750000000007 0.7046875 0.3578125000000001 0.7046875 0.3578125000000001 0.7546875 0.37968750000000007 0.7546875
0 0.37968750000000007 0.765625 0.3593750000000001 0.765625 0.3593750000000001 0.8046875 0.37968750000000007 0.8046875
1 0.3531250000000001 0.8125 0.3390625000000001 0.8125 0.3390625000000001 0.828125 0.3531250000000001 0.828125
1 0.3312500000000001 0.734375 0.3234375000000001 0.734375 0.3234375000000001 0.79375 0.3312500000000001 0.79375
1 0.3937500000000001 0.8125 0.37968750000000007 0.8125 0.37968750000000007 0.8296875 0.3937500000000001 0.8296875
0 0.3781250000000001 0.8125 0.3546875000000001 0.8125 0.3546875000000001 0.875 0.3781250000000001 0.875
0 0.80625 0.4281250000000002 0.7890625 0.4281250000000002 0.7890625 0.4671875000000002 0.80625 0.4671875000000002
0 0.8546875 0.4625000000000002 0.83125 0.4625000000000002 0.83125 0.5125000000000002 0.8546875 0.5125000000000002
0 0.95 0.3968750000000001 0.9203125 0.3968750000000001 0.9203125 0.44843750000000016 0.95 0.44843750000000016