0 0.3078125 0.215625 0.2609375 0.215625 0.2609375 0.2796875 0.3078125 0.2796875
0 0.3328125 0.2609375 0.3046875 0.2609375 0.3046875 0.3203125 0.3328125 0.3203125
0 0.3078125000000001 0.38125 0.2765625000000001 0.38125 0.2765625000000001 0.4359375 0.3078125000000001 0.4359375
0 0.4484375 0.30937500000000007 0.4203125 0.30937500000000007 0.4203125 0.3687500000000001 0.4484375 0.3687500000000001
0 0.19843750000000004 0.4546875 0.17031250000000003 0.4546875 0.17031250000000003 0.5125 0.19843750000000004 0.5125
0 0.15000000000000008 0.640625 0.12343750000000009 0.640625 0.12343750000000009 0.7015625 0.15000000000000008 0.7015625
0 0.5703125 0.63125 0.5421875 0.63125 0.5421875 0.6875 0.5703125 0.6875
0 0.6109375000000001 0.678125 0.5765625 0.678125 0.5765625000000001 0.74375 0.6109375000000001 0.74375
0 0.6687500000000002 0.7453125 0.6265625000000001 0.7453125 0.6265625000000001 0.8125 0.6687500000000002 0.8125
0 0.671875 0.5265625 0.6375 0.5265625 0.6375 0.60625 0.671875 0.60625
0 0.7328125 0.5546875000000001 0.6890625 0.5546875 0.6890625 0.6171875000000001 0.7328125 0.6171875000000002
0 0.8640625 0.7203125000000001 0.815625 0.7203125000000001 0.815625 0.828125 0.8640625 0.828125
0 0.9140625 0.7187500000000002 0.8640625 0.7187500000000002 0.8640625 0.8296875 0.9140625 0.8296875
1 0.19375000000000003 0.2765625 0.11406250000000004 0.2765625 0.11406250000000004 0.30625 0.19375000000000003 0.30625
1 0.290625 0.2765625 0.2421875 0.2765625 0.2421875 0.309375 0.290625 0.309375
1 0.5921875 0.17812500000000006 0.4984375 0.17812500000000003 0.4984375 0.2093750000000001 0.5921875 0.2093750000000001
1 0.6125000000000002 0.8515625 0.5765625000000002 0.8515625 0.5765625000000002 0.88125 0.6125000000000002 0.88125
1 0.44843750000000016 0.853125 0.4125000000000002 0.853125 0.4125000000000002 0.88125 0.44843750000000016 0.88125
1 0.3578125000000001 0.85 0.2812500000000001 0.85 0.2812500000000001 0.8875 0.3578125000000001 0.8875
1 0.2093750000000001 0.8515625 0.1359375000000001 0.8515625 0.1359375000000001 0.884375 0.2093750000000001 0.884375
1 0.9359375 0.37187500000000007 0.9203125 0.37187500000000007 0.9203125 0.4125000000000002 0.9359375 0.4125000000000002