0 0.1546875 0.1359375 0.115625 0.1359375 0.115625 0.1796875 0.1546875 0.1796875
1 0.057812500000000024 0.1359375 0.04218750000000001 0.1359375 0.04218750000000002 0.175 0.057812500000000024 0.175
1 0.059375000000000025 0.2125 0.043750000000000025 0.2125 0.043750000000000025 0.2515625 0.059375000000000025 0.2515625
1 0.15625 0.08125000000000002 0.13125 0.08125000000000002 0.13125 0.09843750000000002 0.15625 0.09843750000000002
1 0.321875 0.07656250000000005 0.2953125 0.07656250000000005 0.2953125 0.10000000000000005 0.321875 0.10000000000000005
0 0.11718750000000004 0.3046875 0.08281250000000004 0.3046875 0.08281250000000004 0.353125 0.11718750000000004 0.353125
0 0.16093750000000004 0.3015625 0.12968750000000004 0.3015625 0.12968750000000004 0.3515625 0.16093750000000004 0.3515625
0 0.16406250000000006 0.396875 0.13125000000000003 0.396875 0.13125000000000003 0.4421875 0.16406250000000006 0.4421875
0 0.16250000000000003 0.4578125 0.12031250000000004 0.4578125 0.12031250000000004 0.525 0.16250000000000003 0.525
0 0.06406250000000006 0.5046875 0.02031250000000006 0.5046875 0.020312500000000063 0.5609375 0.06406250000000006 0.5609375
1 0.06406250000000005 0.3265625 0.04531250000000005 0.3265625 0.04531250000000005 0.4046875 0.06406250000000005 0.4046875
1 0.06406250000000006 0.4796875 0.04843750000000006 0.4796875 0.048437500000000064 0.5015625 0.06406250000000006 0.5015625
0 0.06562500000000009 0.6484375 0.02968750000000008 0.6484375 0.029687500000000082 0.70625 0.06562500000000009 0.70625
1 0.1937500000000001 0.8109375 0.10781250000000009 0.8109375 0.10781250000000009 0.8375 0.1937500000000001 0.8375
0 0.31374747897188693 0.8734960274889125 0.27110152343750005 0.8395142343750001 0.2267563288406131 0.8951658943860876 0.269402284375 0.9291476875000001
0 0.3312500000000001 0.7390625 0.2812500000000001 0.7390625 0.2812500000000001 0.8078125 0.3312500000000001 0.8078125
0 0.3828125000000001 0.6875 0.3390625000000001 0.6875 0.3390625000000001 0.7453125 0.3828125000000001 0.7453125
1 0.3843750000000001 0.890625 0.3531250000000001 0.890625 0.3531250000000001 0.909375 0.3843750000000001 0.909375
1 0.5359375000000002 0.8875 0.4546875000000002 0.8875 0.4546875000000002 0.9078125 0.5359375000000002 0.9078125
0 0.4796875000000001 0.6796875 0.4375 0.6796875 0.4375000000000001 0.74375 0.47968750000000016 0.74375
0 0.5125 0.34062500000000007 0.46875 0.34062500000000007 0.46875 0.409375 0.5125 0.409375
1 0.65625 0.3890625000000001 0.5171875 0.3890625000000001 0.5171875 0.4078125 0.65625 0.4078125
0 0.8140625 0.3218750000000001 0.76875 0.3218750000000001 0.76875 0.40156250000000016 0.8140625 0.40156250000000016
1 0.871875 0.3781250000000001 0.8140625 0.3781250000000001 0.8140625 0.3968750000000001 0.871875 0.3968750000000001
0 0.8109375 0.4781250000000002 0.765625 0.4781250000000002 0.765625 0.5453125000000002 0.8109375 0.5453125000000002
1 0.9375 0.6031250000000001 0.9203125 0.6031250000000001 0.9203125 0.6828125000000002 0.9375 0.6828125000000002
0 0.6468750000000001 0.6765625 0.60625 0.6765625 0.6062500000000001 0.740625 0.6468750000000002 0.740625
1 0.7046875000000001 0.884375 0.6218750000000002 0.884375 0.6218750000000002 0.909375 0.7046875000000001 0.909375
1 0.8953125 0.8859375 0.7750000000000001 0.8859375 0.7750000000000001 0.9078125 0.8953125 0.9078125
0 0.29375000000000007 0.4953125 0.2390625000000001 0.4953125 0.2390625000000001 0.5546875 0.29375000000000007 0.5546875
0 0.3296875 0.24375 0.2765625 0.24375 0.2765625 0.3140625 0.3296875 0.3140625
1 0.3359375 0.09687500000000004 0.31875 0.09687500000000004 0.31875 0.20625 0.3359375 0.20625
1 0.4515625 0.29218750000000004 0.340625 0.2921875 0.340625 0.31250000000000006 0.4515625 0.3125000000000001
1 0.4671875 0.31718750000000007 0.45 0.31718750000000007 0.45 0.3828125000000001 0.4671875 0.3828125000000001