0 0.20312500000000008 0.4203125 0.11875000000000005 0.4203125 0.11875000000000005 0.5328125 0.20312500000000008 0.5328125
0 0.5515625 0.2812500000000001 0.484375 0.2812500000000001 0.484375 0.440625 0.5515625 0.440625
0 0.7484375 0.2843750000000001 0.6828125 0.2843750000000001 0.6828125 0.3906250000000001 0.7484375 0.3906250000000001
0 0.6625000000000001 0.659375 0.5953125 0.659375 0.5953125000000001 0.8140625 0.6625000000000002 0.8140625
0 0.6468750000000002 0.89375 0.5703125000000002 0.89375 0.5703125000000002 1 0.6468750000000002 1
0 0.6890625000000001 0.878125 0.6265625000000001 0.878125 0.6265625000000001 1 0.6890625000000001 1
0 0.8984375 0.7359375000000001 0.840625 0.7359375000000001 0.840625 0.8859375 0.8984375 0.8859375
0 0.965625 0.7140625000000002 0.8921875 0.7140625000000002 0.8921875 0.8578125 0.965625 0.8578125
0 0.965625 0.86875 0.896875 0.86875 0.896875 1 0.965625 1
1 0.975 0.3734375000000001 0.9515625 0.3734375000000001 0.9515625 0.5796875000000001 0.975 0.5796875000000001
1 0.20312500000000006 0.2046875 0.17343750000000005 0.2046875 0.17343750000000005 0.396875 0.20312500000000008 0.396875
1 0.20312500000000008 0.5875 0.1765625000000001 0.5875 0.1765625000000001 0.8078125 0.20312500000000008 0.8078125