0 0.35156250000000006 0.309375 0.2890625 0.309375 0.28906250000000006 0.428125 0.3515625000000001 0.428125
0 0.4796875 0.4171875 0.4234375 0.4171875 0.4234375 0.51875 0.4796875 0.51875
0 0.575 0.45 0.5015625 0.45 0.5015625 0.553125 0.575 0.553125
0 0.2812500000000001 0.43125 0.2171875000000001 0.43125 0.2171875000000001 0.5390625 0.2812500000000001 0.5390625
0 0.4468750000000002 0.7421875 0.3937500000000001 0.7421875 0.3937500000000001 0.840625 0.4468750000000002 0.840625
0 0.4703125000000002 0.8125 0.40156250000000016 0.8125 0.40156250000000016 0.95 0.4703125000000002 0.95
0 0.4671875000000002 0.9296875 0.40156250000000016 0.9296875 0.40156250000000016 1 0.4671875000000002 1
0 0.93125 0.37187500000000007 0.8609375 0.37187500000000007 0.8609375 0.48437500000000017 0.93125 0.48437500000000017
1 0.07031250000000003 0.1453125 0.05625000000000002 0.1453125 0.056250000000000036 0.325 0.07031250000000004 0.325
1 0.07031250000000008 0.50625 0.05312500000000007 0.50625 0.053125000000000075 0.803125 0.07031250000000008 0.803125
1 0.8765625 0.7015625000000002 0.8625 0.7015625000000002 0.8625 0.9859375 0.8765625 0.9859375