0 0.3625 0.271875 0.3171875 0.271875 0.3171875 0.321875 0.3625 0.321875
0 0.14062500000000006 0.309375 0.09218750000000005 0.309375 0.09218750000000005 0.3546875 0.14062500000000006 0.3546875
0 0.17500000000000004 0.271875 0.14062500000000006 0.271875 0.14062500000000006 0.3109375 0.17500000000000004 0.3109375
0 0.2375 0.3109375 0.18750000000000006 0.3109375 0.18750000000000006 0.353125 0.2375 0.353125
0 0.22343750000000004 0.325 0.18593750000000003 0.325 0.18593750000000003 0.3671875 0.2234375000000001 0.3671875
0 0.3109375 0.14843750000000006 0.275 0.14843750000000006 0.275 0.18125000000000005 0.3109375 0.18125000000000005
0 0.225 0.14843750000000006 0.1828125 0.14843750000000006 0.18281250000000002 0.18281250000000004 0.225 0.18281250000000004
1 0.4625 0.14062500000000006 0.44375 0.14062500000000006 0.44375 0.2406250000000001 0.4625 0.2406250000000001
1 0.40625 0.4609375 0.2812500000000001 0.4609375 0.2812500000000001 0.478125 0.40625 0.478125
0 0.7875 0.21875000000000008 0.7578125 0.21875000000000008 0.7578125 0.24218750000000008 0.7875 0.24218750000000008
0 0.6984375 0.2140625000000001 0.6625 0.2140625000000001 0.6625 0.2500000000000001 0.6984375 0.2500000000000001
0 0.615625 0.3359375000000001 0.5828125 0.3359375000000001 0.5828125 0.3765625000000001 0.615625 0.3765625000000001
0 0.759375 0.3343750000000001 0.7296875 0.3343750000000001 0.7296875 0.37187500000000007 0.759375 0.37187500000000007
0 0.728125 0.3187500000000001 0.6984375 0.3187500000000001 0.6984375 0.3531250000000001 0.728125 0.3531250000000001
0 0.8046875 0.32500000000000007 0.7609375 0.32500000000000007 0.7609375 0.3671875000000001 0.8046875 0.3671875000000001
1 0.9421875 0.24218750000000008 0.93125 0.24218750000000008 0.93125 0.3343750000000001 0.9421875 0.3343750000000001
0 0.11562500000000005 0.325 0.07500000000000004 0.325 0.07500000000000004 0.3734375 0.11562500000000005 0.3734375
0 0.11406250000000004 0.3734375 0.07812500000000004 0.3734375 0.07812500000000004 0.421875 0.11406250000000004 0.421875